[ 562 2694   69  650 1024 1280 1522  968  619  433  694  952 2313 1823  915
  740 1506  810   80 1295  996 1034 1262 1703  573  817 1512  281  782  169
  188  714 1308    1  950  510    2  139   18   48 1886 1052  460 1715   95
  144  102 1167  959 1250]
[[  0.90247821   0.39611642   0.55425916   2.46677863   1.2754497
    1.14485172   1.14273106   1.16781445   1.2039531 ]
 [  0.91640703   0.68435003   0.5863131    1.06739753   1.14827799
    1.19235406   1.16369294   1.14723809   1.13986083]
 [  0.08972982   0.63570727   5.58720768   0.49331892   0.92621735
    1.315006     1.54693207   1.96553599   3.20352689]
 [  0.1269171    0.33526629   3.15115929   1.80762602   1.51725043
    1.39346134   1.3399329    1.32157527   1.30864613]
 [  0.30178679   0.35252704   0.55609982   0.89592987   1.83014999
    1.60982295   1.44474885   1.35979386   1.29582907]
 [  0.42851532   0.47448024   1.08554601   0.96585317   0.59193339
    0.9385346    1.41993548   1.38103142   1.31691114]
 [  0.99938985   0.5550437    0.54276336   1.6365891    1.19281119
    1.11699934   1.13399225   1.12777515   1.14330931]
 [  0.16487832   0.37498735   0.72118233   2.58346824   1.65658592
    1.39884627   1.32547273   1.27562759   1.2617426 ]
 [  0.28957771   0.44192802   1.34592047   0.69026207   0.54916475
    2.32280323   1.57486652   1.3861572    1.31659659]
 [  0.09025164   0.43105886   4.38361232   1.89636665   1.50646821
    1.40328705   1.34397727   1.35588613   1.3329116 ]
 [  0.35492048   0.3865793    1.37998834   1.14978204   0.65818992
    0.61108812   1.97148328   1.58469318   1.4001395 ]
 [  0.1677351    0.25245187   2.17001351   1.48883313   1.37201174
    1.35941099   1.34706246   1.30842616   1.27741445]
 [  0.97292287   0.77676243   0.89811147   0.78507768   0.72871706
    1.25961484   1.273248     1.18965044   1.17179707]
 [  0.86500952   0.6859103    0.88052924   0.66288267   1.33206421
    1.12853597   1.12691011   1.11610789   1.11873976]
 [  0.31276347   0.34623514   1.0685859    1.15833549   1.09144304
    1.09570231   1.05857304   1.07395323   1.12703064]
 [  0.27886639   0.42311345   0.85620559   0.55862866   2.57135032
    1.66626206   1.4332599    1.29368852   1.26025459]
 [  0.29770047   0.47614017   0.56215634   1.89912943   1.38148254
    1.23842217   1.20058978   1.22155167   1.21997687]
 [  0.37780446   0.38146981   1.29863627   1.17650959   0.98723601
    0.58013847   0.94749551   1.60667909   1.45380899]
 [  1.08508844   0.67167689   0.94943273   1.10765377   1.1194175
    1.09813386   0.80835097   0.77758447   4.11681461]
 [  0.9191204    0.55239169   0.46720279   1.18578255   1.63550594
    1.23011372   1.19584137   1.14182447   1.16950231]
 [  0.20919095   0.30122381   0.56073735   1.78106456   1.97455633
    1.62409607   1.45390184   1.35820222   1.30798708]
 [  0.28757539   0.37376525   1.1427731    0.42271798   1.37604893
    1.86311148   1.50478611   1.35931526   1.29557542]
 [  0.34443829   0.56052217   0.9491127    0.53565498   1.77211095
    1.35730235   1.24125952   1.19958428   1.18105678]
 [  1.05506967   0.81876964   0.63071468   0.61535959   1.25189974
    1.38856197   1.25348545   1.20982379   1.18452497]
 [  1.12016142   0.70049176   0.88746055   1.03238623   0.88072044
    0.72076511   2.09888061   1.06286547   1.17667445]
 [  1.09874594   0.68941882   0.89826338   0.84298545   0.66022417
    2.01090807   1.16032592   1.13438671   1.12535292]
 [  0.91498656   0.37441721   1.02745028   1.31941832   1.1525093
    1.14565151   1.11777352   1.11247557   1.11080426]
 [  2.82551475   0.53295036   0.912046     1.03230067   1.12197224
    1.15137488   1.1371848    1.2030762    1.24466248]
 [  1.07852866   0.63344436   0.77433669   0.56441687   2.10576602
    1.24798962   1.13912932   1.11530829   1.15074733]
 [  0.07892418   0.37829779   6.07600917   1.8656295    1.48875079
    1.35411091   1.38229348   1.33154321   1.29037867]
 [  0.55451404   0.56640842   0.75502401   0.62719152   3.85745254
    1.5627831    1.27621838   1.27407239   1.21355362]
 [  0.90495862   0.36894927   1.79349972   0.97659737   0.98774037
    1.09339846   1.12247577   1.13566605   1.17297828]
 [  0.96236697   0.72098556   0.90720032   0.97172611   0.90431998
    0.71579874   1.36860546   1.29637659   1.15472516]
 [  0.95999581   1.04591429   1.00309277   1.04010022   0.0263085
   22.93576622   1.57198346   0.99244541   1.13352728]
 [  0.3050522    0.37540149   1.23365758   0.89520077   0.44737706
    1.52960147   1.72653704   1.48081348   1.3447707 ]
 [  0.09088859   0.2520871    2.18409194   2.4480774    1.7762884
    1.55889385   1.45232418   1.39944558   1.39415424]
 [  3.70312506   1.14553267   0.58383749   0.11212485  14.01195383
    1.23405159   1.72456503   0.86882159   1.17950338]
 [  1.01057226   0.65903232   0.99836174   1.08797006   1.12753976
    0.85979516   0.66501066   3.17585509   1.25680814]
 [  0.14782216   0.48797506  10.87111537   1.85180877   1.26742018
    1.30218648   1.36865005   1.37330414   1.57504297]
 [  0.95343532   0.64397861   1.26205406   1.27204522   0.8137001
    0.54940854   4.71655863   1.52379385   1.36259379]
 [  0.39951468   0.49942929   0.8239127    0.61763274   1.12776428
    1.33029482   1.35449404   1.3022046    1.2587742 ]
 [  1.02480245   0.7256945    0.90062593   0.99548214   0.99188218
    0.96608341   0.71426791   1.71240922   1.23972676]
 [  0.27905593   0.36321543   0.63164415   3.47739247   1.64984
    1.35384834   1.25059113   1.23784818   1.23525224]
 [  0.28892793   0.48296831   0.55356299   1.25149407   1.41629548
    1.32819436   1.29223657   1.2562917    1.23088925]
 [  0.62860383   0.58944271   1.29587075   0.63129114   0.72848951
    4.07389209   1.66496752   1.21154949   1.37267125]
 [  0.17079324   0.30145246   1.27818783   1.35725441   1.31874138
    1.3507251    1.30590311   1.41695726   2.56196734]
 [  0.35939772   0.39016724   0.62219299   5.06474446   1.66532808
    1.35770529   1.3480249    1.33041956   1.28441936]
 [  0.46425098   0.52443338   1.23035626   0.71899532   0.7201197
    1.57976358   1.27898635   1.20194972   1.18698013]
 [  1.03961124   0.69123689   0.90834112   0.9877373    1.01978182
    1.03170958   0.97415108   0.75864848   2.01801432]
 [  0.16003992   0.26832956   1.37850415   1.7518218    1.48521177
    1.4029376    1.35941357   1.30858383   1.27905544]]