[ 8836     2 95961     2 56215     2   689 61297 47633 74123]
[[  1.71211812e+00] * 0
 [  2.44025970e+02] * 1
 [  9.33024266e-01] * 2
 [  3.93839355e+02] * 3
 [  4.20194770e-01]
 [  1.53816071e+02] * 5
 [  3.26726288e+00] * 6
 [  1.28135878e-01]
 [  1.18766524e+00] * 8
 [  6.98271380e-01]
]

[62941 49738 35663 27154 30236 59549 30885 40429 36241 31374]
[[ 0.40565433  0.60361079  0.75232448  0.86989461  0.87088704  0.777011
   0.66926861  0.57900545  0.51872594  0.46208767]
 [ 0.32671263  0.52388058  0.94291499  0.84332425  0.64027253  0.53356365
   0.46869335  0.42308956  0.39202626  0.35683215]
 [ 0.24687636  0.34576719  0.47469481  0.9954606   0.62091292  0.40875832
   0.31855348  0.26862412  0.23755434  0.20902851]
 [ 0.52210032  0.90581785  0.47163964  0.28610851  0.21155966  0.17235776
   0.14919566  0.13272172  0.11781031  0.1034321 ]
 [ 0.29802361  0.37606101  0.37639932  0.38096177  0.51192874  0.90759584
   0.72839784  0.46101115  0.35162395  0.28987184]
 [ 0.56904391  0.7651681   0.77019877  0.75456811  0.7544828   0.78248151
   0.79644474  0.78822789  0.76977138  0.69225322]
 [ 0.36169899  0.46416255  0.48978285  0.49256803  0.49020691  0.53800213
   0.72834959  0.8041499   0.67684454  0.48601234]
 [ 0.40322853  0.94367209  0.82253573  0.63492017  0.55902312  0.5145116
   0.48271084  0.4531068   0.42897014  0.39194194]
 [ 0.2547534   0.50902864  0.99060959  0.57255873  0.36712848  0.28327779
   0.23645239  0.20662082  0.18629015  0.16579042]
 [ 0.26064803  0.34254481  0.36339222  0.51367763  0.99159286  0.63474849
   0.41763443  0.32610225  0.27564731  0.23679097]]