58320 58449
67585 68674
72600 72704
72720 72819
72885 73234
74485 76259
84365 85609
115725 115799
119005 119119
148015 148124
149295 149384
172340 172409
195310 195784
195845 197032
210900 212356
237830 237974
239005 239079
239760 239884
246925 247009
247400 247489
273455 273919
339985 340274
341210 341504
350305 350374
350505 350659
351030 351119
361455 361534
361615 361684
361805 361894
425050 425124
425140 425224
425345 425424
536740 537144
549820 549909
574855 575134
608895 609269
614085 614164
614440 614519
616000 617508
1172035 1172969
1172990 1173079
1186895 1187069
1236105 1236259
1236275 1236344
1236595 1237044
1271110 1271229
1291190 1292447
1292535 1292619
1311310 1313819
1381090 1381274
1393845 1394079
1402390 1403518
1403535 1403659
1407845 1407929
1418310 1419084
1419380 1420513
1420530 1420684
1429025 1429099
1432755 1433794
1433830 1433934
1476320 1476619
1495375 1495554
1504380 1504489
1516965 1518587
1519205 1519274
1519315 1519424
1519460 1519539
1533690 1535015
1541890 1542334
1578905 1579194
1622240 1622774
1665400 1666747
1714265 1714369
1720500 1720624
1721960 1722849
1723915 1724039
1724435 1724549
1724590 1724674
1724830 1726189
1726330 1727159
1727175 1727554
1727570 1727744
27395 27469
27525 27774
60000 60168
60210 60928
63630 63719
65700 66417
66770 67389
67755 67904
68000 68166
68205 68932
75850 75989
76620 77252
120085 120279
230050 230194
235305 235449
299570 299659
299805 299944
318355 318464
318495 318599
318685 318764
318785 319243
322160 322239
336895 336979
376855 376929
377060 377294
397320 400188
400205 400363
400510 400604
400640 400774
423075 423174
455175 455374
498695 499630
499680 499749
516465 519160
521775 522049
522155 522324
522485 522589
579670 579769
604710 605239
610345 611045
633260 633353
635875 635974
635990 636079
636095 636359
667915 668014
680700 681417
681445 681524
701910 702364
727075 727299
773230 773404
773420 773852
783265 783484
808185 808737
855525 855634
897340 897584
900115 900194
922495 922639
980025 980600
1032155 1032224
1042275 1042459
1133965 1134208
1151085 1151159
1161295 1161454
1170850 1170944
1171490 1171664
1254460 1255093
1272110 1272214
1272300 1272517
1301055 1301615
1355075 1355641
1387945 1388034
1462260 1462374
1505455 1506918
1511135 1511242
1539165 1539745
1559855 1560004
1572895 1573069
1597720 1597939
1607580 1607669
1633750 1634078
1643065 1643229
1643260 1643499
12475 12544
47545 47624
115130 115224
116480 116994
117040 117119
125700 125824
126235 126329
132915 133469
136505 136609
184785 184854
187345 187419
207845 208174
210150 210244
382090 382771
382810 382899
422810 422879
448850 448994
468815 468954
507330 508601
508660 508749
510195 510689
511580 511649
520550 521053
521070 521264
521335 521419
555540 555617
560420 560589
597535 597694
615265 615570
615595 615699
616165 616388
641410 641899
641915 642014
728545 728799
731730 731824
745065 745164
753315 753404
758845 759328
863580 863819
884100 884492
895750 896074
896350 896479
899965 900178
947940 948159
982170 982289
1008555 1008659
1012635 1012946
1029270 1029379
1088705 1089096
1115320 1115593
1167835 1168029
1172445 1173891
1173990 1174114
1228650 1230067
1230380 1230474
1234755 1234899
1271745 1271888
1336405 1336494
1336510 1337419
1338015 1338274
1434670 1434939
1434980 1435656
1435685 1435789
1450165 1450514
1483655 1483744
1541935 1543004
1661855 1661924
1689375 1690469
8155 8814
32880 32949
36390 36993
43645 43734
77345 78435
78750 78899
111030 112646
121865 122069
148230 148403
148540 148614
154580 154704
186795 186868
195600 195714
195730 195829
205505 205609
205625 205709
229000 229239
273645 273734
274000 274163
289425 289650
289685 290162
312310 312419
384015 384873
395155 395749
426855 427569
427600 427689
452075 452144
457265 457339
471910 472650
477750 477924
483800 484239
495180 495259
495730 495924
495975 496257
516850 517054
517130 517209
525420 525639
560640 560719
617835 618022
663430 663508
667975 668124
673075 673278
677220 677894
678270 678833
695530 696543
724460 724529
724545 724684
767465 768215
813070 813284
819270 819379
819570 819699
835460 835534
835640 835819
836430 836919
851070 851179
876865 876959
884180 884814
892310 892394
944485 944664
944680 944809
945700 945949
947005 947342
967645 968154
996410 996479
996710 996871
1017410 1017539
1025320 1025709
1038090 1038829
1040580 1040954
1104665 1104743
1136265 1136334
1136570 1136734
1202540 1202609
1206410 1206494
1206510 1206634
1281105 1281224
1284225 1284314
1294680 1295491
1324680 1325394
1328690 1328769
1355560 1355783
1375585 1376826
1379575 1380027
1412160 1412463
1441455 1441564
1441800 1441998
1454855 1454984
1466605 1467079
1488645 1489074
1536915 1537374
1571410 1571509
1589275 1589424
1609285 1610174
1621310 1621458
1654220 1654367
1716195 1716909
15660 15794
35765 35834
41515 41604
41635 42028
88060 88219
88315 88474
88490 88829
90545 90639
128900 129059
133885 134024
181195 181284
182230 182334
201630 201704
203690 203799
215225 215364
236115 236359
270775 271458
277595 278219
296430 296504
313945 314199
342890 342999
349005 349259
363080 363640
379820 380019
382325 382968
397130 397319
405095 405194
406350 407007
422380 422584
436575 436683
442250 442439
459955 460179
485100 485309
493525 493609
498330 498434
511590 512126
524235 524319
524375 524459
524475 524559
528740 528906
533910 534614
553350 553619
587220 587299
593675 593759
606065 606139
633835 633904
633945 634084
634100 634174
636455 636534
636650 636979
637120 637189
640065 640154
656640 656914
656930 656999
662445 662619
663950 664104
711680 711779
711805 711894
711945 712069
712875 713304
716525 716674
757550 757784
783680 784223
784610 784739
784885 784954
785005 785079
788040 788289
811530 811719
836710 837267
838555 838669
872890 872969
873085 873282
890660 890819
890835 890914
895245 895319
934280 934384
934725 934814
945195 946014
954475 954659
982750 982964
1117410 1117699
1139030 1139178
1141915 1142592
1160730 1160894
1166615 1166684
1181420 1181988
1188230 1188304
1188320 1188729
1210645 1211198
1214700 1214769
1214785 1215029
1216375 1216454
1264645 1264724
1271960 1272039
1272835 1272904
1306500 1306714
1307690 1307901
1318220 1318299
1329855 1330466
1369240 1369487
1391315 1391903
1421630 1422049
1437870 1438456
1440120 1440234
1443455 1443589
1450640 1450874
1454275 1454349
1464425 1464789
1483310 1483404
1515205 1515279
1525105 1525592
1544920 1545003
1590375 1590479
1596940 1597451
1609780 1609864
1622265 1622354
1634050 1634168
1643105 1643179
1643340 1643568
1660540 1660739
1661115 1661729
1689465 1689849
1696585 1696664
1709120 1709742
21780 22404
83675 85023
86560 86704
113650 113719
163755 164481
174420 174509
174525 174864
202950 203089
261990 262770
264635 264714
268930 269238
300100 300223
300485 300651
347960 348244
357560 357629
407775 407919
433185 433426
443150 444021
449265 449334
449545 449827
477965 478697
514020 514368
558635 559081
564095 564204
569125 569656
598765 599269
626330 626419
627080 627354
644395 645566
646445 646534
646550 647024
652280 652389
656635 656724
657055 657338
665845 666558
666595 666684
715450 715539
715825 716059
789905 790034
833855 834344
894170 894334
894355 894604
951860 951934
951950 952094
964315 964394
964410 964564
972385 972549
980185 980978
987825 987964
988130 988326
1026855 1026944
1027225 1027393
1027425 1027504
1100395 1101040
1110860 1110944
1144210 1144726
1153340 1153509
1205475 1205679
1215265 1215799
1220640 1221004
1413335 1413979
1414990 1415224
1415240 1415399
1417670 1418105
1420970 1422221
1449905 1449984
1498870 1498984
1500260 1500384
1525950 1526521
1527530 1527629
1531940 1532657
1533930 1534818
1534860 1534934
1551890 1552044
1565775 1565994
1568530 1568894
1577215 1577479
1599250 1599334
1603250 1603424
1631350 1631424
1631705 1631859
1644765 1645224
1692280 1693100
6700 6884
7055 7139
7350 7654
7670 7764
7795 8254
8270 8509
8690 8789
9070 9183
9205 9288
10990 11174
11650 11899
12170 12459
12555 12704
12750 12819
12845 12924
13160 13234
13330 13489
13955 14089
16585 16664
19215 19329
23285 23764
23865 23999
31615 32004
32175 32269
37550 37748
39610 39934
42065 42495
48470 48574
52870 53079
53095 53409
54805 54913
57860 58111
59075 59149
61905 62084
65345 65515
65655 65724
67860 67955
71200 71354
78235 78679
82770 82909
95030 95250
95770 95871
99615 99774
101045 101119
103115 103218
107335 107931
118615 119079
122425 122704
131670 131749
139690 140022
153175 153993
163490 163649
164170 165063
165795 165869
167745 167931
173005 173269
174620 174789
180120 180928
181610 181774
182740 183710
183800 183894
188455 188534
201655 202014
205955 206134
208110 208294
209805 209982
215015 215177
215855 215924
220975 221109
234115 234570
241800 241894
245665 245834
249445 249579
272300 272419
272475 272544
277610 277859
280440 281027
283560 283649
285985 286154
286875 286979
290765 290834
303045 303159
306920 307044
308385 308689
319035 319244
319600 319669
337720 337944
340095 340392
343160 343439
345995 346198
346965 347483
349330 349423
352910 352984
368730 368799
369370 369579
370855 371017
375140 375479
378990 379362
380390 380544
383850 383954
390305 390404
422515 422749
422905 423644
424545 424763
425715 425849
426190 426313
437390 437889
441140 441702
454725 454994
459130 459479
460725 460984
461925 461999
463990 464104
464810 464934
471835 471949
483690 484064
493840 494394
495965 496387
505715 506309
510145 510224
510390 510549
512075 512489
518205 518419
522875 523001
524100 524544
530865 531044
534930 535159
536370 536629
537890 538930
547650 547794
548905 548979
555435 555737
559885 559954
560700 561025
565365 565484
567375 567673
568600 568774
574935 575024
580065 580234
582980 583069
584315 584440
588655 588889
589120 589224
592230 592309
592835 592964
593055 593284
593880 594708
594725 595059
596055 596164
601805 602199
605725 606364
616950 617034
617210 617279
629515 629589
641720 641804
641865 641959
642470 643183
644135 644289
645680 645969
648630 648709
653715 653803
658505 658579
665115 665215
679425 680254
681275 681354
681700 681958
682965 683144
683200 683359
683580 683654
685685 685779
696250 696319
699445 699539
702090 702164
703765 703864
704195 704449
707185 707259
717440 717670
723960 724075
726720 727537
727770 727849
729785 730069
732575 733110
735270 735492
739470 740762
746540 746719
746800 747183
755170 755259
755360 755574
755710 755919
755935 756249
758385 758459
758695 759323
759920 759989
761390 761484
764690 764779
764795 765039
766625 766703
769795 769864
773300 774178
775750 775849
781700 781799
786185 786259
786550 786749
786775 787108
791105 791194
797630 797799
799950 800098
800955 801210
802720 802868
804315 804384
807660 808080
809000 809074
811340 811486
827785 827869
837220 837344
838615 838854
838870 838984
842880 843886
846165 846468
848095 848199
848260 848419
852530 852655
858750 858859
864755 864939
871265 871503
879705 879784
879945 880029
883620 883764
889495 889884
890900 891353
893515 893649
893955 894064
894135 894263
900010 900149
906120 906924
912485 912614
922905 922979
926875 926974
939875 939953
941215 941284
942555 942933
964795 964993
976100 976207
992875 993361
993845 994630
996845 996944
997210 997334
1000455 1000565
1000855 1001064
1025455 1025724
1026200 1026524
1028500 1029183
1029300 1029519
1038710 1038883
1051410 1051489
1054305 1054499
1054920 1055099
1062140 1062546
1078425 1078598
1082560 1082713
1083255 1083395
1092410 1092861
1095985 1096977
1100520 1100634
1100655 1100785
1103750 1104104
1107970 1108110
1109715 1109814
1119735 1119834
1127505 1127594
1138410 1138534
1145355 1145464
1145550 1145979
1146215 1146309
1148590 1148747
1167120 1167244
1173485 1173589
1175265 1175334
1192315 1192394
1204060 1204153
1204425 1204534
1208865 1209247
1209635 1209854
1228325 1228664
1228875 1229875
1235210 1235816
1238855 1239273
1248480 1248604
1249000 1249611
1250210 1250489
1253000 1253129
1259750 1260472
1260825 1260929
1261125 1261580
1265410 1265839
1273540 1273659
1275540 1276199
1281915 1282073
1282925 1283194
1290100 1290434
1304350 1304632
1312235 1312366
1316920 1317189
1321860 1322004
1326790 1326904
1342635 1342724
1348340 1348454
1350000 1350231
1358585 1358872
1379400 1379624
1387035 1388253
1396980 1397342
1426595 1426768
1430610 1431163
1437615 1437860
1442980 1443059
1455170 1455427
1464360 1464465
1466425 1466594
1468235 1469039
1469645 1469834
1475460 1475691
1481440 1481516
1485415 1485679
1489735 1489809
1491855 1491994
1499745 1499899
1501695 1501819
1510645 1511149
1511165 1511249
1522410 1522788
1523100 1523349
1526645 1526782
1527645 1527924
1550820 1551297
1551915 1552249
1560125 1560349
1562370 1562563
1570950 1571124
1616560 1616669
1625830 1625919
1634175 1634369
1636660 1637039
1640315 1640504
1644050 1644259
1654175 1654334
1663920 1664279
1666265 1666464
1669515 1669664
1674335 1674404
1688975 1689223
1692660 1692734
1695175 1695852
1695870 1695954
1697280 1697368
1703445 1703524
1706770 1707426
1707965 1708059
1708090 1708169
1708185 1708459
1711330 1711824
1718005 1718139
1718315 1718383
1720520 1720589
1720610 1720734
1724020 1724153
1724470 1725113
1726250 1726319
13680 13904
29830 30119
46890 47304
72300 72818
73105 73189
95485 95589
95925 96314
119960 120357
132115 132189
145310 145424
159120 159279
291200 291284
291580 291859
308180 308489
331795 332007
332050 332124
375555 376268
376725 376794
384515 384659
420030 420618
420635 420729
420745 420814
423190 423259
423690 424039
446900 447118
472225 472799
496520 496599
496630 496954
496970 497758
516795 516874
552420 552965
558205 558745
559635 559799
618760 618909
636155 636274
668430 668524
668730 668893
670460 670934
676115 676765
679600 679814
679830 680280
709635 709944
709965 710049
755845 756184
771940 772378
772395 772529
781465 781554
802780 803372
806440 806604
806620 806744
806895 807388
810535 811264
829415 829619
829705 829924
833575 834134
943735 944059
951130 951584
955100 955209
1002480 1002594
1002870 1003042
1052825 1054290
1055375 1055529
1057205 1057319
1064275 1064539
1073975 1074387
1090950 1091326
1092595 1092854
1092870 1092954
1093030 1093129
1111205 1111349
1111545 1111779
1112705 1112794
1125035 1125174
1142470 1142544
1144260 1144354
1152450 1152529
1158625 1159191
1176420 1176489
1240855 1241345
1249655 1249939
1282640 1282719
1283040 1283280
1288940 1289069
1295370 1295794
1329835 1330384
1332340 1332454
1332655 1332924
1337210 1337938
1354745 1354877
1354895 1355004
1355050 1355293
1385600 1386375
1414380 1414754
1414770 1414864
1415545 1416189
1431510 1431779
1485215 1485294
1485310 1485785
1493025 1493219
1493440 1493776
1522875 1523259
1528965 1529139
1539645 1539789
1551725 1551804
1551820 1551914
1551955 1552034
1591810 1591998
1702410 1702545
1706185 1706563
1711210 1711384
1722320 1722493
1724435 1724519
1724820 1725004
4040 4350
4945 5014
7805 7889
9175 9244
10830 11033
13260 13968
14845 15159
15560 16614
16630 16724
16740 16984
17015 17094
17185 17319
17780 17849
17915 18019
18375 18449
18565 18639
19805 19904
20155 20229
20245 20324
20340 20544
21080 21314
21480 21609
21665 22914
22930 23004
23020 23554
23670 24319
24340 24419
24440 24529
24545 24669
24695 24834
25000 25074
25380 25829
25845 26374
26395 27594
27610 27899
27930 28009
28025 29009
29025 30264
31220 31299
31545 31654
33470 33539
33780 33914
34265 34339
34975 35104
35560 35784
37545 37849
41535 41614
41810 42054
42115 42613
43015 43129
43205 43324
43395 43464
46175 46344
46370 46459
46570 47317
48045 48259
48275 48354
48370 48539
48555 48699
48715 50919
50950 51064
51080 51279
51295 51514
51910 52049
52105 52319
52340 52424
53045 53139
54420 54524
54540 54664
54925 55019
55610 55704
56380 56469
56565 56949
58620 58998
59895 60694
60725 60794
60845 60919
61060 61169
61235 61344
61360 61464
61485 61639
61690 61764
61885 61989
62020 62134
62225 62344
62360 62464
62480 62549
62600 62689
63340 63469
63985 64099
64760 64829
64875 64959
65205 65289
65590 65659
72430 73386
73930 74059
76255 76334
76350 76764
76855 76929
82215 82294
90790 90879
92940 93074
95395 95589
95685 96203
96220 96439
96455 96529
113890 114589
114995 115095
119995 120937
127140 128200
132065 132632
137830 138124
139625 139809
143925 144019
144035 144114
144890 145588
148000 148259
148275 148374
152300 152549
152565 152659
152675 152744
152940 153099
155585 155724
158645 158789
158805 159415
164290 164459
164720 164908
165805 165944
166115 166184
171985 172054
176590 176724
183980 184739
184755 184849
191555 192024
193600 193704
195650 196253
197065 197164
201240 201389
202455 202654
203725 203819
212055 212129
213005 213239
215075 215169
215665 215769
227940 228119
236905 236979
247355 247819
250660 250754
251270 251720
253895 254094
254735 254804
256370 256524
258195 258299
260215 260289
264020 264596
265240 265329
265415 265514
265860 265964
267670 268624
274620 274834
282280 282364
288035 288329
290995 292079
293960 294059
296645 296734
297185 297264
300350 300759
301510 301649
307550 308519
309585 309784
310745 311215
329650 329754
331835 332464
333215 333344
336085 336229
336985 337069
337630 337759
337940 338099
346110 346650
365825 365904
373560 373985
375355 376434
384490 385109
391905 392189
397945 398109
398215 398739
408210 408354
409525 410178
419655 421028
423010 423134
423465 423803
428095 428607
434990 435079
435095 435509
435530 435609
443710 443844
445290 445459
446310 447083
447100 447169
447985 448442
448460 448539
455375 455469
455585 455674
455775 455949
464745 464834
467635 468329
469105 469259
471080 471572
472215 472884
488490 488559
489910 490144
490160 490229
493615 493819
496415 497482
498420 498534
500785 501224
506605 506704
507035 507309
507340 507414
509325 510104
516645 517202
517580 517654
520340 520867
520890 520989
521005 521144
524525 524699
540635 541033
545425 545509
546745 546829
547260 548234
548710 549308
552490 553200
553595 553669
553685 553874
558300 558968
568515 568599
569110 569184
576765 576969
578470 578544
578565 578849
578865 578939
579605 579699
580265 580659
580765 580839
581190 581541
581610 581759
587105 587563
589400 589473
590860 590934
596805 596919
598275 598353
606570 607052
615490 616162
618705 619339
619780 619854
621450 621774
628490 628975
633095 633199
635645 636047
636660 636729
637625 637746
638205 638759
638950 639069
643935 644004
644930 645019
650335 650529
668225 669528
670375 670656
675920 677047
677510 677789
679200 680361
687670 687783
690445 690974
695185 695399
699915 699998
701045 701189
709565 710619
710835 710929
717665 717819
717835 717949
718580 718689
720915 721054
721345 721418
731005 731154
732160 732249
742070 742672
755850 756464
761330 761639
763000 763427
768930 769079
771560 771834
771970 773051
773200 773279
774060 774144
777025 777312
779870 780034
781025 781339
781355 781464
781480 781564
781580 781708
787565 787724
795775 796049
796065 796199
798705 798914
800695 800764
801790 801869
801895 801989
802590 803887
803970 804249
804270 804349
806250 807686
808390 808459
809475 809694
810235 811584
813930 814309
819165 819664
821275 821404
827990 828540
829255 830108
830910 831167
833585 834449
834500 834574
842005 842119
844505 845500
855315 855873
861005 861601
863105 863334
863350 863429
865840 866357
872590 872742
878985 879402
882780 883009
900410 900544
902020 902174
917805 917959
930125 930744
941490 941634
943555 943719
950670 952227
952560 952644
953220 953864
955010 955779
962800 962914
963270 963359
970835 971259
977615 977845
978465 978654
984685 984764
984800 984884
991225 991539
992710 992904
995055 995184
1002290 1003054
1005710 1006290
1011990 1012467
1017235 1017812
1019145 1019684
1034070 1034708
1039560 1039953
1042900 1043204
1052835 1054348
1055520 1055594
1056675 1057319
1057335 1057414
1058485 1058653
1064020 1064139
1064155 1064229
1064980 1065192
1071905 1072029
1074025 1074748
1074765 1074854
1081575 1081684
1089940 1090553
1090990 1091704
1104040 1104184
1111010 1111893
1112165 1112814
1117365 1117589
1124565 1125159
1125200 1125279
1139915 1140314
1142335 1142992
1143900 1144159
1144175 1144269
1145325 1145399
1145440 1145849
1151985 1152479
1154220 1154404
1158425 1159606
1164800 1165137
1173915 1174450
1176055 1176309
1183025 1183558
1185320 1185454
1188635 1188929
1193260 1193655
1227205 1227494
1227540 1227679
1227755 1227869
1233470 1233614
1237030 1237550
1239740 1239809
1240830 1241331
1249310 1249788
1252785 1253384
1273870 1274179
1275880 1276117
1278090 1278249
1282455 1283378
1283540 1283704
1287265 1287414
1288395 1289143
1293625 1293718
1294820 1294939
1294995 1295064
1295080 1295747
1302780 1302837
1303220 1303309
1311250 1311729
1319845 1320299
1323545 1324118
1326275 1326444
1329695 1329835
1332155 1333024
1337045 1337485
1341180 1341339
1346360 1346464
1352065 1352164
1354550 1355465
1355500 1355619
1368475 1368789
1378445 1378835
1385565 1386290
1387265 1387604
1393255 1393371
1405615 1405769
1414315 1414876
1415615 1416624
1421355 1421584
1429920 1430069
1430885 1431689
1434395 1434519
1441655 1441779
1442760 1442839
1452970 1453581
1458215 1458299
1465245 1465324
1472810 1472949
1472965 1473049
1476370 1476760
1477060 1477149
1478565 1478964
1485005 1485841
1490990 1491529
1492890 1494049
1507430 1507504
1510035 1510104
1517565 1517759
1522915 1523691
1523760 1523874
1528870 1529471
1530275 1530360
1537860 1537954
1539290 1539484
1551515 1551799
1554130 1554219
1566340 1566824
1569045 1569124
1585255 1585339
1590655 1590744
1591330 1592329
1599960 1600412
1601140 1601549
1604930 1605064
1614055 1614559
1616355 1616844
1622465 1623030
1628310 1628513
1634305 1634672
1646990 1647064
1648090 1648689
1659165 1659244
1663545 1664194
1667325 1667559
1669675 1669814
1681780 1681929
1681945 1682014
1689370 1689514
1689530 1689734
1689750 1689824
1693480 1693769
1702390 1703101
1706160 1706692
1708190 1708314
1710530 1711329
1717270 1717454
1718540 1718654
1721810 1722426
1724300 1725189
1840 2348
24540 24654
27140 27219
29380 30408
35835 36184
37210 37644
38490 38694
42000 42713
49200 49912
53335 53756
53830 53899
53990 54221
56355 56479
56805 57174
58355 58969
58985 59119
59850 60572
66265 66564
103535 103684
109225 110204
114910 115767
118500 119169
126570 127149
132075 132489
132515 132614
151130 151204
154850 155044
180145 180614
180630 180724
183110 183269
199690 200487
212350 212774
223805 224379
231980 232739
234635 235553
236070 236164
240805 241074
249645 250322
251135 251204
251235 251324
252630 252719
252790 253149
256210 256843
272070 272563
279315 280195
284535 284609
284690 285004
286245 286449
295565 295759
308815 308884
308900 309349
310670 312030
322625 323242
324270 324349
361815 362384
369370 369494
375755 376184
382910 383149
390240 390814
391795 391954
407235 407639
415845 416094
417725 417854
427460 428145
429080 429149
433590 434346
435970 436109
446495 446849
458495 458744
459805 459999
463190 464952
465435 465649
475600 475704
481500 481589
491170 491309
493340 493589
494585 495398
499205 499604
528475 528769
533145 533628
543205 543409
544280 544439
544600 544679
544880 545658
545675 545784
569435 569564
571840 572104
572590 572709
601035 601820
603355 603829
607115 607229
614880 615284
616840 617586
624810 624939
635370 635529
660345 660579
663920 664409
673935 674169
692000 692872
698355 698679
714435 715099
720385 720644
722230 723145
735425 735559
739020 739809
743620 744351
762745 763049
764645 764724
784125 784229
784695 785279
785310 785409
787035 787109
788545 788814
792980 793279
793755 794353
804315 804474
819145 819379
823470 824054
824115 824209
828760 829164
851525 851609
854790 854894
887655 888019
890375 890839
895730 895899
898480 898994
899320 899529
909985 910735
919325 920055
927860 928114
937670 938408
1152030 1152428
1152970 1153134
1157840 1158255
1162480 1162834
1168690 1169256
1207495 1207619
1222690 1223613
1223685 1223759
1240885 1241009
1285030 1285764
1302345 1303163
1305495 1305679
1314425 1314714
1330960 1331119
1335585 1336139
1338005 1338099
1350325 1351034
1356575 1356654
1365735 1365809
1365860 1366299
1375195 1375449
1379985 1380409
1384230 1385190
1397555 1398514
1399420 1399699
1404370 1405513
1405530 1405629
1410995 1411204
1411630 1412704
1414650 1414729
1420005 1420154
1424430 1424599
1424970 1425813
1426010 1426179
1431875 1432129
1445285 1445489
1465760 1466637
1468065 1468319
1480670 1480749
1480765 1480899
1484800 1484899
1503460 1503544
1511080 1511484
1518080 1518419
1527070 1528262
1530740 1530939
1545025 1545109
1551185 1552104
1555755 1555909
1557385 1558192
1560125 1560354
1566375 1566734
1574505 1574804
1581540 1582112
1582605 1582754
1590960 1591069
1591240 1591654
1597035 1597164
1599135 1600481
1614995 1615670
1625940 1626049
1626490 1626859
1647965 1648049
1648395 1648829
1659870 1660562
1667285 1667719
1670985 1671479
1674235 1674713
1685215 1685324
1688445 1689234
1689705 1690527
1692090 1692244
1697565 1698034
3115 3459
4670 4812
8085 8439
8595 8734
10520 10719
10760 11084
12825 12924
16230 16329
16345 16424
23800 24399
27230 27522
31830 32343
38345 38494
38535 38743
39160 39229
43825 44007
45080 45149
45665 45818
45835 45939
49340 49424
53040 53254
53270 53419
53775 53859
53925 54044
54065 54154
56090 56159
57070 57219
57295 57364
57505 57594
57725 57849
57965 58049
59750 60202
60390 60494
66095 66605
66675 66754
66970 67074
67220 67598
68210 68775
70880 71064
71560 71629
71780 71959
71975 72084
72215 72339
72905 73053
74815 74999
76140 76619
76660 76729
76745 76854
76870 76944
76975 77294
77325 77629
77645 77754
77770 77929
77950 78124
78155 78369
78385 78824
78860 78929
79055 79419
79515 79649
79670 80029
80175 80394
80410 80479
81045 81259
81275 81494
81530 81689
81705 82159
82205 82609
82690 82789
82920 83374
83390 84589
84725 86879
86970 87614
87745 88069
88085 88179
88205 88394
88410 88514
88545 88624
88775 88884
91750 91819
96845 97084
97100 97499
97515 97839
97855 98074
98090 98258
98280 98349
98385 98809
98830 98964
98980 99184
99280 99954
100010 100209
100225 100399
100545 100764
100850 101034
101350 101433
101450 101619
101650 101754
101825 101899
101915 102014
102030 102174
102205 102364
102380 102479
102625 102949
103010 103079
103135 103434
103460 103549
103615 104018
104070 104184
104200 104439
104500 104734
105230 105304
105965 106223
106240 106394
106450 106519
107505 107759
107805 109269
109505 109629
109660 109874
109925 110179
110205 110279
110400 110538
111315 111444
111550 111644
111830 111944
111970 112154
112175 112754
112770 113434
113540 113649
113665 113944
114025 114339
114430 114979
115105 115194
115210 115289
115305 116229
116320 116634
116670 116749
116855 117004
117235 117649
117720 117829
118230 118344
118540 119114
119210 119568
119625 119914
119945 120129
120165 120354
120495 120824
127260 127378
128590 128694
128710 128784
129610 129699
130420 130549
132850 133069
133240 133529
133795 134154
134175 134339
134640 135259
135360 135759
135775 135949
136020 136099
136160 136254
136365 136724
136775 137239
137310 137429
137445 137559
137575 137674
137710 137844
138040 138349
138890 139039
139070 139164
139180 139269
139430 139634
140125 140274
140620 140744
140925 141024
141120 141234
141560 141629
141645 141729
141965 142044
142155 142279
142475 142559
142710 142779
145045 145199
145235 145363
145395 145474
145605 145754
146595 146759
146775 146849
147480 147574
147675 147759
148660 148929
149190 149954
149970 150159
151290 151429
151530 151687
151705 151909
152390 152474
152665 152799
152985 153064
153245 153329
153410 153554
153570 154034
154065 154174
154330 154399
154440 154594
155225 155334
155350 155424
155630 156149
156165 156264
156280 156444
156600 156744
157030 157164
157205 157409
157555 157859
157875 158589
158605 158814
158830 159119
159140 159224
159260 159489
159555 159804
159820 159909
160060 160144
160520 160739
160850 160964
161065 161960
162125 162284
169340 169414
169450 169519
172040 172264
173435 173554
174540 174639
174655 174739
176950 177024
177440 177579
179090 179164
179290 179359
179515 179589
179675 179954
180820 180959
181330 181549
181800 182059
183105 183189
184925 185938
187310 187404
187895 188009
188430 188584
189045 189134
192680 193592
197915 198024
198310 198384
206665 206814
206830 207309
207735 208168
208520 208614
208630 208739
208910 208979
209910 210134
215665 215754
215980 216055
216075 216254
216970 217069
220600 221047
221860 221984
224475 224589
226160 226354
234405 234514
237705 238034
238290 238359
239955 240307
242790 243111
243280 243349
243755 243834
248560 248634
251145 251627
251650 251784
251805 251939
251955 252064
252250 252414
254150 254343
255840 255974
257700 257904
260275 260344
260815 261004
262260 262409
262555 262659
264415 264484
264575 265155
267625 268373
268585 268733
271365 271449
273780 273934
282265 282349
284500 284681
285965 286054
286775 286859
286875 287094
288605 288984
295145 295268
298160 298229
299205 299319
302235 302349
304185 304414
313745 313834
327285 327369
336235 336339
336755 337004
337040 337134
338225 338299
338355 338519
338555 338674
341270 341354
346385 346519
347630 347704
355560 355664
356540 356644
356800 356914
357490 357569
357730 358229
358435 358509
361255 361384
361400 361489
362705 362794
363080 363169
364075 364154
364260 364334
365630 365699
366220 366594
368540 368624
369860 370212
370830 370934
371635 371719
375995 376346
380290 380613
380975 381472
383965 384039
386435 386504
386905 386994
388020 388114
399585 400084
400505 400814
405725 405794
415745 416039
419860 419939
421805 422038
423175 423436
430510 431117
431385 432144
434810 434974
435100 435427
438145 438214
440075 440991
441305 441389
443300 443731
447415 447819
448695 448804
448820 449114
449295 449479
451275 451354
451370 451464
452725 452799
453620 454157
456515 457431
459240 459369
462365 462439
462635 462729
463095 463178
468595 468669
470090 470159
475980 476119
476135 476239
476515 476854
477250 477694
477710 478234
478680 479374
480320 480459
480685 481004
481060 481294
481375 481784
482105 482283
482750 482854
484320 484404
485840 485939
486855 486934
488365 488459
489055 489139
489675 490198
494910 495332
504845 504942
509380 509875
515940 516387
517175 517774
525240 526039
531025 531856
540370 541068
541985 542084
543785 543894
544145 544545
546345 546503
549020 549439
555950 556171
556205 556334
559220 559356
566410 566584
568935 569024
569160 569464
569480 569574
582895 582964
590335 590494
597315 597597
599195 599289
599345 599454
600925 601198
612090 612159
613155 613239
613255 613404
613420 613524
613835 615206
615730 615839
616325 616394
616450 616529
616640 616724
616950 617034
617050 617169
619500 620175
622215 622299
622570 622644
626195 627142
627860 628144
629850 630004
630755 631154
631985 632069
633120 633269
634355 634449
634545 634694
635190 635274
635380 635514
635550 635869
637600 637744
638125 638229
638460 638699
638795 638929
640405 640561
641390 641484
642350 642534
642565 642835
642930 643109
645615 646168
650030 650114
651025 651144
651960 652029
652295 652369
652650 652829
654555 654824
656680 656814
657220 657294
658330 658454
658580 658689
662025 662099
662315 662449
662465 662619
662825 662924
663365 663509
664660 664814
667140 667424
670460 670594
670875 670964
671055 671194
671210 671289
671305 671389
671540 671629
672665 672894
672960 673029
673475 673544
675670 675739
677245 677354
677650 677729
677935 678194
678225 678314
678350 678429
679170 679314
679430 679514
680600 680689
681460 681699
681715 681789
681860 681964
682560 682664
682695 682844
683620 683754
683860 683964
684405 685134
685265 685394
686180 686249
686440 686569
686980 687189
688020 688109
688675 688789
688905 688994
689390 689464
689735 689894
690535 690674
690740 691059
691250 691319
691335 691524
691760 691839
691855 691939
691995 692204
694465 694599
695040 695114
698260 698359
699485 699944
700090 700164
700335 700439
700605 701289
701915 702148
704600 704899
704915 705074
705090 705164
705370 705444
705610 705694
706300 706369
706405 706754
706770 706944
708315 708399
709220 709424
709450 709519
710185 710324
710430 710569
710590 710764
711020 711579
711920 712054
712085 712299
712515 712644
712775 712924
712940 713344
713600 714374
714860 714929
715045 715144
715425 715509
716020 716229
716765 716854
717815 717914
718385 718612
719970 720094
720240 720349
720800 720869
721505 721579
721785 721924
722360 722494
723580 723649
724420 724514
724530 724759
725255 725424
725565 725674
725770 725944
726345 726449
726465 726539
729145 729232
729815 729904
729920 730379
730410 730574
730655 730754
730835 731039
731135 731209
732805 732879
733960 734097
734195 734304
734365 734447
734490 734557
734865 734979
735025 735119
735170 735254
736055 736169
736615 736739
736880 737109
737340 737409
737610 737699
738280 738384
741810 741879
742530 742624
743255 743329
743675 743749
744045 744174
744225 744294
745175 745269
745330 745434
745495 745719
745735 746219
746280 746489
747250 747379
747665 748234
748250 748459
748555 748844
748860 748934
749210 749279
749295 749369
749545 749744
749895 749974
750025 750364
750380 750494
750550 750619
750780 750944
751130 751204
751590 751809
752035 752109
752365 752439
752515 752634
753455 753609
753630 753749
753845 753964
754065 754284
754440 754759
754900 755039
755300 755479
755495 755614
755650 755789
756125 756199
756330 756404
756850 756924
757490 757884
757905 758574
758605 758709
758745 758854
758870 759019
759430 759609
759640 759934
759950 760127
760165 760329
760345 760624
760665 760814
760965 761074
761280 761419
761600 762484
762620 762704
763250 763354
763490 763614
763735 763924
764230 764437
765010 765129
765275 765369
765385 765479
765870 766393
766420 766504
766580 766704
766720 766904
766920 767139
767155 767274
767290 767439
767455 767569
767590 767794
767810 768637
768810 768894
768975 769229
769990 770089
770115 770254
770380 770464
770655 770824
771220 771399
772025 773496
774545 774619
775240 775334
775585 775694
777240 777314
777900 778530
778575 778659
778860 778964
781320 781389
781625 781694
781775 781899
783010 783358
783615 783724
783745 783854
784850 785074
787755 787844
787860 787939
788340 788489
803580 803669
806670 806759
806985 807124
807300 807374
809340 809494
814825 814979
819415 819484
846755 847004
847020 847094
847370 847454
847505 847984
853065 853164
861530 861624
862915 863059
865215 865373
867535 867949
873750 873824
874605 874684
874740 874809
875320 875624
875695 875809
877185 877615
877885 878129
878630 878729
882275 882354
886620 886989
891520 891609
895840 896419
909135 909234
909265 909374
909415 909599
918880 918963
927960 928224
928315 928489
935820 936317
937690 938306
942570 942669
945015 945094
949260 949366
965940 966239
972340 972954
975135 975214
978640 978719
982645 982839
985790 985869
996790 997044
1003945 1004158
1005850 1005942
1006465 1006895
1010210 1010316
1015270 1016057
1023115 1023194
1023250 1023586
1023660 1023792
1026290 1026647
1031440 1031579
1036995 1037183
1043245 1043344
1046910 1047459
1053375 1053683
1068380 1068494
1068510 1068594
1081870 1082090
1085795 1085862
1092440 1092954
1093715 1093964
1099800 1099970
1104085 1104570
1117675 1117814
1120485 1121104
1121120 1121189
1125575 1125968
1142540 1142754
1158095 1158265
1160845 1160922
1162050 1162149
1162430 1162724
1173515 1173598
1186145 1186279
1188935 1189134
1191545 1191690
1197055 1197219
1212440 1212654
1225575 1225754
1228455 1228581
1233360 1233799
1235390 1235585
1237670 1237759
1241845 1242089
1242105 1242303
1242840 1242939
1271810 1271963
1275115 1275466
1275495 1275569
1283895 1284053
1285570 1286069
1294565 1294679
1296055 1296194
1306930 1307019
1307480 1307619
1315145 1315269
1315495 1316371
1320645 1320817
1327710 1327920
1331415 1331489
1333650 1333956
1339715 1340304
1343875 1344494
1344510 1344604
1346680 1346764
1363320 1363429
1364660 1364754
1368080 1368199
1375200 1375399
1379420 1380227
1380270 1380369
1380800 1380995
1390160 1390257
1391485 1391734
1399200 1400121
1401735 1401924
1423500 1423764
1432220 1432296
1438350 1438524
1440895 1440974
1444155 1444799
1452245 1452334
1460280 1460492
1460580 1461438
1465390 1465624
1471425 1471673
1476820 1476909
1477310 1477509
1494400 1494549
1501810 1502932
1509370 1509882
1511585 1511679
1512485 1512574
1513445 1513514
1526780 1527044
1530760 1531249
1531515 1532000
1533460 1533564
1535765 1535906
1553690 1554224
1556435 1556534
1564800 1565148
1573190 1573511
1586020 1587054
1588215 1588359
1588375 1588459
1600895 1602082
1602100 1602179
1605850 1605969
1606845 1607143
1610560 1610864
1636285 1636366
1640560 1640649
1642720 1642864
1642910 1643214
1660175 1660279
1660820 1660909
1664345 1664429
1668600 1668688
1671125 1671404
1672385 1673483
1673650 1673809
1674005 1674104
1674385 1674454
1675990 1676284
1677730 1677876
1678910 1679059
1679075 1679144
1689050 1690069
1693030 1693274
1694445 1694614
1696100 1696283
1704960 1705033
1712170 1712239
1712385 1712689
1719025 1719183
1719405 1719584
1719810 1720069
1720120 1720674
1724080 1724168
465 554
14725 14869
19415 19939
22135 23732
23985 24104
27270 27385
33460 33806
41165 41329
41345 41624
76815 76899
90030 90119
90165 90454
117220 117314
126375 126558
136575 136879
155715 156043
161555 161714
175985 176400
213645 214277
217820 218677
227385 227464
230515 230969
264490 264640
314150 314437
346670 346846
348420 348618
362255 362513
370595 370782
371355 371478
382820 383249
383700 383779
399125 399199
409585 409694
410110 410394
435315 435573
440305 440413
454425 454539
456470 456549
457830 458229
493255 493374
521150 521283
521445 521519
542955 543072
554910 555021
568215 568284
595045 595369
619885 620268
631285 631354
661950 662099
679510 679589
694520 694624
734475 735039
742025 742862
787855 788029
803460 803585
804440 804519
808365 808454
814395 814517
820945 821024
822965 823044
856225 856581
924475 924594
933935 934315
944090 944184
944200 944274
983725 983803
1012735 1012839
1024900 1025079
1075155 1075284
1079015 1079114
1086645 1086724
1103145 1103267
1133290 1133467
1137530 1137629
1150175 1150264
1160930 1161133
1161995 1162222
1192910 1193076
1193360 1193463
1199805 1200073
1208295 1208424
1217115 1217229
1262650 1262749
1356555 1356624
1371545 1371974
1375885 1376594
1377350 1377494
1394760 1394848
1398215 1398309
1401725 1401824
1427950 1428068
1436210 1437066
1439960 1440459
1476840 1476997
1501450 1501539
1510410 1510658
1523635 1523864
1556065 1556217
1564200 1564313
1583545 1583727
1596270 1596349
1596365 1596824
1597675 1597744
1600310 1600954
1651025 1651124
1658185 1658384
1660445 1660623
1663500 1663589
1676820 1676942
1677225 1677364
1689745 1690602
1691175 1691264
1695370 1695679
1702380 1702449
1708190 1708294
1710480 1710649